R1,132.208.13.62,22,charles,behappy,gns3
